here0 0 0 0 0 0 0 0 0 0 0 0 0 0 0 0 0 0 0 0 0 0 0 0 0 0 0 0 0 0 0 0 0 0 0 0 0 0 0 0 0 0 0 0 0 0 0 0 0 0 0 0 0 0 0 4.79579 4.79579 
20.6179 11.9571 11.1687 6.59167 14.3138 16.2551 12.6998 15.9982 10.2444 3.21888 0 5.61677 5.54518 6.79234 0 0 2.19722 2.3979 3.21888 12.3679 6.20456 3.21888 2.3979 7.33889 3.21888 0 6.16331 1.60944 2.63906 0 0 9.19024 3.55535 0 0 0 1.94591 0 2.19722 0 0 0 1.60944 2.19722 1.60944 0 2.3979 0 0 0 0 0 0 1.60944 0 0 
9.81055 8.71194 12.0847 5.92693 10.0758 9.75731 4.09434 12.0137 11.1456 5.69373 3.21888 3.46574 4.27667 0 6.79234 4.7185 2.07944 5.29832 4.31749 9.18194 3.21888 2.94444 2.3979 3.21888 0 3.21888 4.2485 0 4.39445 0 0 1.60944 0 0 0 0 0 0 2.3979 0 2.63906 1.60944 2.94444 1.60944 0 0 0 4.15888 0 2.63906 0 0 1.60944 0 0 
4.14313 9.23073 11.3773 4.14313 4.83628 2.19722 4.55388 4.39445 2.19722 1.60944 0 7.33889 2.19722 2.94444 0 0 2.63906 0 5.5835 3.80666 2.3979 2.19722 1.60944 2.63906 6.00389 0 0 2.19722 0 2.19722 4.89035 0 0 0 1.94591 0 0 0 0 2.63906 0 0 2.63906 0 0 2.63906 0 2.63906 0 0 0 0 0 0 
10.3293 10.0011 7.5984 1.09861 6.00389 5.4161 11.1456 1.09861 0 0 6.59167 2.07944 0 2.94444 0 2.07944 3.80666 2.19722 2.94444 4.39445 9.11295 0 2.94444 2.63906 4.55388 2.07944 0 0 0 1.94591 0 2.07944 0 1.94591 0 0 0 0 0 0 0 3.80666 0 0 0 0 0 0 0 2.19722 4.55388 0 0 
5.14166 5.69373 3.29584 4.59512 6.91572 8.67112 3.29584 2.94444 0 4.39445 0 0 7.53956 2.63906 0 4.27667 2.19722 0 2.94444 8.28677 2.3979 2.3979 2.63906 0 0 0 0 0 0 2.94444 2.07944 0 2.07944 0 2.19722 0 0 0 0 2.19722 2.63906 0 0 0 0 0 0 0 0 0 0 0 
1.94591 4.2485 1.09861 4.31749 0 0 0 0 4.39445 0 0 0 0 3.21888 2.70805 2.70805 2.94444 2.3979 2.63906 0 0 2.19722 3.21888 0 2.63906 0 0 3.55535 0 2.63906 0 4.89035 0 0 0 0 0 1.60944 0 3.21888 0 0 0 0 0 0 0 0 3.21888 0 0 
9.28285 6.77992 1.60944 3.80666 3.49651 0 2.77259 0 5.5835 0 0 0 2.94444 4.55388 0 0 0 2.3979 2.3979 0 0 5.5835 0 0 0 0 1.94591 0 0 0 1.94591 0 0 0 0 0 0 0 0 0 5.5835 0 0 0 0 0 0 0 0 0 
2.77259 0 4.59512 4.04305 0 2.77259 0 5.03695 2.94444 2.07944 2.07944 3.21888 1.60944 3.68888 0 0 0 0 0 0 0 0 0 0 0 4.55388 0 2.3979 0 0 0 0 0 2.3979 2.3979 1.60944 0 0 0 0 0 2.07944 0 0 0 0 2.94444 0 2.3979 
2.70805 1.60944 1.94591 2.94444 3.3322 4.39445 4.14313 0 1.94591 0 0 7.05186 3.04452 2.19722 0 0 2.3979 0 0 0 2.63906 2.19722 2.63906 0 0 0 2.94444 0 0 2.94444 2.94444 0 0 0 0 0 2.19722 0 2.3979 0 0 0 2.63906 0 2.19722 0 0 0 
3.68888 0 3.80666 2.07944 4.27667 2.3979 4.59512 0 7.43485 4.27667 4.78749 1.09861 4.55388 7.78072 2.3979 1.60944 0 1.60944 1.60944 0 0 0 0 7.91717 2.94444 2.07944 0 2.07944 0 0 2.3979 0 0 0 0 1.60944 2.3979 0 0 2.07944 0 0 0 0 4.00733 0 0 
2.19722 0 0 0 0 0 0 2.63906 0 3.68888 0 0 2.19722 2.19722 0 0 0 0 0 0 0 0 0 2.94444 4.47734 0 2.07944 0 0 0 0 5.34233 0 0 0 0 2.63906 0 0 0 0 0 0 0 0 0 
0 4.34381 0 1.94591 7.74023 7.83479 0 0 1.94591 1.94591 2.94444 0 2.3979 0 0 0 0 0 0 2.94444 5.34233 0 0 0 0 0 0 0 0 2.3979 2.3979 2.94444 0 0 0 0 0 0 0 0 0 0 0 4.79579 2.3979 
0 2.63906 0 2.19722 0 0 2.19722 0 2.3979 7.49832 2.19722 0 1.60944 0 1.60944 0 2.94444 0 0 2.3979 0 2.63906 0 0 0 0 0 2.94444 0 2.63906 0 2.63906 0 0 0 0 0 0 0 0 0 0 0 0 
2.07944 1.94591 0 1.94591 0 2.07944 1.94591 1.94591 0 0 0 0 2.63906 0 0 0 0 0 2.3979 0 0 0 0 0 0 0 0 2.94444 0 0 0 0 0 0 0 2.07944 0 0 0 0 0 0 5.03695 
0 0 2.94444 2.3979 2.07944 2.19722 2.19722 0 0 0 0 0 2.19722 0 0 2.94444 2.19722 2.3979 0 4.83628 0 0 2.94444 0 0 0 2.19722 0 0 0 2.19722 0 2.19722 0 2.07944 0 0 0 2.19722 0 0 0 
0 1.94591 2.3979 4.47734 1.94591 1.94591 4.59512 0 7.11639 0 2.94444 0 0 2.07944 2.19722 0 0 0 0 2.07944 0 0 2.63906 0 0 2.3979 2.94444 0 0 0 0 0 0 2.3979 0 0 0 0 0 0 2.3979 
0 0 2.19722 0 2.19722 2.94444 2.19722 0 0 0 0 2.94444 2.94444 2.19722 2.94444 0 0 0 0 2.94444 2.94444 0 0 2.3979 4.79579 0 0 0 0 0 0 0 0 0 0 0 0 0 0 0 
2.07944 2.63906 1.94591 4.02535 0 0 2.3979 0 2.3979 0 0 0 0 0 2.94444 0 0 0 0 0 0 5.14166 0 0 0 2.94444 2.19722 0 0 0 0 2.07944 0 2.63906 0 0 0 0 2.63906 
0 2.94444 2.07944 0 0 2.3979 0 2.94444 0 0 2.94444 0 0 2.3979 0 0 0 0 0 0 0 0 0 0 0 0 0 2.3979 5.5835 0 2.07944 0 0 0 0 2.3979 0 0 
3.21888 5.85793 2.3979 2.19722 2.07944 0 0 0 0 2.07944 0 0 0 3.21888 0 2.07944 0 0 0 0 0 0 2.94444 3.21888 0 0 0 0 0 4.47734 0 0 0 0 0 0 2.63906 
4.65396 0 0 0 0 0 0 0 2.94444 0 0 0 1.60944 0 5.02388 0 5.02388 0 0 0 2.94444 0 1.60944 0 0 0 2.3979 2.94444 0 0 0 0 0 0 0 0 
2.94444 0 0 0 2.94444 0 2.94444 0 2.19722 0 5.03695 1.60944 0 0 2.94444 0 0 0 0 0 0 1.60944 0 0 0 0 0 2.07944 2.63906 0 0 0 0 0 0 
0 0 1.60944 0 1.60944 0 0 2.19722 2.94444 0 0 0 0 2.94444 0 0 0 0 0 0 0 0 0 0 0 0 2.3979 0 0 0 0 0 0 0 
2.19722 0 0 0 0 0 0 0 0 2.63906 0 0 0 0 0 0 2.94444 0 0 0 0 0 0 0 0 0 0 0 0 0 0 0 0 
0 2.3979 0 0 2.07944 0 0 2.19722 0 0 2.07944 0 0 2.63906 0 0 0 0 0 0 0 0 0 0 0 0 0 2.94444 2.94444 0 0 0 
0 4.55388 0 0 0 2.63906 0 0 0 2.63906 2.94444 0 0 0 0 0 0 0 0 0 0 0 0 0 0 0 0 0 0 0 0 
0 0 0 0 0 0 0 0 0 0 2.94444 0 0 0 0 2.63906 2.63906 0 0 0 0 0 0 0 0 0 2.63906 0 0 2.63906 
0 0 2.94444 0 0 0 0 2.94444 0 0 0 0 0 0 0 0 0 2.94444 0 0 0 0 0 0 0 0 0 0 0 
0 0 0 0 0 0 0 0 0 0 0 0 0 2.63906 0 0 1.60944 0 2.63906 0 0 0 0 0 0 1.60944 0 0 
0 2.94444 0 5.88888 0 2.07944 0 0 0 0 0 2.94444 0 0 0 0 0 0 0 0 0 2.63906 0 0 2.63906 0 2.94444 
0 0 0 0 2.63906 0 0 0 0 2.94444 0 0 0 0 0 0 0 0 2.94444 0 0 0 0 0 0 0 
0 0 2.19722 2.63906 0 0 0 0 0 2.19722 0 0 0 0 0 2.19722 0 0 0 2.63906 0 0 0 0 0 
0 0 0 0 0 0 0 0 0 0 0 5.88888 0 0 0 0 0 2.63906 0 2.94444 0 0 0 2.3979 
0 0 0 1.94591 0 0 0 0 0 1.60944 0 0 0 0 0 0 0 2.94444 0 0 0 0 0 
0 0 0 0 0 0 2.19722 0 0 0 0 2.63906 2.19722 0 0 0 0 2.63906 0 0 0 0 
0 2.07944 2.94444 0 0 0 5.34233 0 0 0 2.63906 0 0 0 0 2.94444 2.63906 0 0 0 0 
0 0 0 2.63906 0 0 0 2.94444 0 0 0 0 0 0 0 0 0 2.63906 0 0 
0 0 0 0 0 0 0 0 0 2.94444 0 0 0 0 0 0 0 0 0 
0 0 0 0 0 0 0 0 0 0 0 0 0 0 0 0 0 0 
0 0 0 0 2.19722 0 0 0 0 0 0 0 0 0 0 0 0 
0 2.94444 0 0 0 0 0 0 0 0 0 0 0 2.63906 0 0 
0 0 0 0 0 5.14166 0 0 0 0 2.94444 0 0 0 2.3979 
0 2.63906 0 0 0 0 0 0 0 0 0 0 4.79579 2.94444 
0 0 0 0 0 0 0 0 0 2.63906 0 0 0 
0 0 0 0 0 0 0 0 0 0 0 0 
0 0 0 0 0 0 0 2.19722 1.60944 0 0 
0 0 0 0 0 5.27811 0 2.3979 0 0 
0 0 0 0 0 0 0 0 0 
0 2.63906 0 0 0 0 0 0 
0 0 0 0 0 0 0 
0 0 0 0 0 0 
0 0 2.63906 0 0 
0 0 0 0 
0 0 0 
0 0 
2.3979 

